[[-1.3333333265683769]]
[[1.0137556684147788], [-0.9447666056727592], [0.09644654050378519], [0.22416652923668456]]
[[1.4211893657354135], [0.003852334826538249], [1.1207691258296002], [2.9075122682745063], [0.9953034722267399], [-1.676912935585154]]
[[-0.2972972928819948]]
[[1.0268613931098443], [0.40887961285114766], [0.4392441051010231], [-0.484804297615782]]
[[-0.3947027424348259], [-1.2496504864638902], [0.8548432015038474], [1.0538508687103523], [0.014621839530314725], [-0.40479641218117657], [1.1160104156315112], [-0.004521900566341464], [0.46828472949606964], [0.4214519678648886], [0.24342698088703285], [-0.7233538393935809], [0.6508733153434487], [-0.552510921745507], [0.5214052457456246], [0.08831284977641926], [-2.6371366233090345], [0.09089864530404099], [0.7813771561440536], [-0.3820760509933111], [0.5025303685862038], [-1.2059795630039587], [-0.19592796714282573], [0.7163315700794715], [2.788030965533635], [0.24061509004371814], [-0.16862575646562122], [-0.19967465245779897], [-0.5246961751560357], [0.06951647429922216], [0.8964643972583751], [-0.24671362159468785], [-1.4261846071153168], [1.1750614689585386], [0.6486641518003795], [-0.9083500463395813], [-2.5808601714889705], [1.2765552667379811], [-0.8520837697082971], [1.1185169563483421], [-1.589760580037622], [0.7001636095309381], [-0.6945434552847244], [0.10903920360815085], [0.22157680925321482], [-0.7831639265805621], [-0.2070170244218447], [0.44229741465268174], [1.2705581593712254], [-1.8711720754565508], [1.5591826482831022], [-0.2072411570736305], [0.6905542202432118], [0.15077540069341133], [-0.44940124793227837], [-0.36245798591968575], [0.5967425908245063], [0.5942330066246201], [-0.5931195981786952], [0.9887524429574635], [1.0839595245198714], [1.6830442269136987], [-0.8319902523241804], [0.7826692202293752], [0.06953839134621617], [-0.7591212328794162], [0.4966045073675448], [0.5260350062541759], [1.9761998669749736], [0.6350830298319469], [-0.13929128187883733], [-0.7554937735600795], [-0.06684781414956853], [-0.12767715990863038], [0.6721063625200865], [-0.38037268984330935], [-0.08289597591262168], [1.027704912283002], [0.09340390618164823], [0.9460115577489112], [0.006586674025487185], [0.14295564415786374], [-1.0545023769831139], [0.3060393837009976], [-1.059329820704048], [1.460340343690498], [1.1686883563180102], [0.7035251071795561], [-0.7807051580858692], [-0.643684158039934], [-0.47144220580613927], [0.695091673001742], [-1.2357632123364324], [0.5576740296873722], [-1.8985432626603402], [0.5368538873057171], [0.23204172664309747], [-0.13336251864185097], [-1.594645793496584], [0.6445354978807775]]
[[-1.1519966994012774], [-1.151730778197562], [-0.9175300735817334], [-0.3348897288660161], [0.17549062240842345], [0.5308464751171088], [-0.21271402516092736], [-1.388302949591461], [-0.7618495316549226], [0.7309351740261467]]
[[1.3469038160226174], [1.9820791792326287], [-0.47753986995708636], [0.6085349650176813], [-0.10635587231177557], [-0.0833408942912576], [-0.7258046566158254], [0.6737744392815126], [-0.6500410182911716], [-1.001843975424515], [0.3855977857095775], [-0.600671223351744], [-1.1949765232366116], [0.4058285890374053], [0.049629336984643], [-0.22447071100500496], [-0.0884674310455783], [-0.19430419876190813], [1.4041532683561058], [0.03350178693032887]]
[[-0.1928554830907211], [-0.578362754158878], [-1.8259348683188112], [0.09177277408985574], [-0.42155998462482386], [0.38163045077533664], [-0.5047067704506465], [-1.9673493592318905], [1.7265271552911927], [1.3603671155793897], [2.0268406382134225], [0.30797237537711764], [0.13263525439801296], [-0.6909377414347457], [-0.9055877415067144], [-1.0681162045769352], [-0.34572563582051374], [-0.9212543490327691], [-0.03285753057675795], [0.2559548576502496]]
[[-1.491356112507851], [-0.40490188306164765], [0.2941412250890239], [0.6002780110153766], [-0.018606358974986602], [-0.9480789815766135], [-0.2481390003005001], [0.23386418778246215], [-0.0004869077683899471], [0.09568066531523463], [0.003865707442438126], [0.8440728680545329], [-1.330586763261995], [0.270937915673802], [-1.1320447183534752], [0.2085006130046067], [0.618654465034493], [-0.19020060222830196], [-1.0103033101592447], [-0.20907873988222142], [0.9657788869109176], [0.013235720181489496], [0.11487480074911194], [0.1322632779502828], [-0.6326285518383216], [-0.19981738541530342], [-0.5578647674697791], [0.21233155275438748], [-0.08183673057957583], [0.8625003805754003]]
