Input: 
Row: 100, Column: 1
 -0.34 
 -1.20 
 -1.44 
  1.68 
 -0.43 
 -0.09 
  0.37 
 -0.85 
  1.91 
 -0.39 
  1.45 
 -0.99 
  1.70 
 -1.59 
 -1.72 
 -1.31 
  0.75 
  0.24 
 -0.70 
  0.86 
  0.28 
 -0.04 
  0.30 
 -0.60 
  1.77 
  1.71 
 -0.02 
  0.98 
 -0.51 
 -0.30 
  0.17 
  1.20 
  0.14 
 -0.69 
 -1.02 
 -1.32 
 -0.08 
 -0.13 
  0.21 
 -0.48 
 -0.80 
  1.27 
 -0.30 
  0.20 
  0.47 
 -0.27 
 -0.32 
 -0.17 
  1.64 
  0.57 
 -0.19 
  4.37 
  0.36 
  0.28 
 -0.02 
 -0.60 
 -0.42 
  1.60 
 -0.07 
  1.99 
 -0.34 
  0.29 
 -0.48 
 -0.41 
 -1.14 
  0.40 
 -0.15 
  2.16 
  2.09 
 -0.06 
  0.36 
 -0.41 
  0.02 
 -0.28 
  0.53 
 -0.96 
  0.72 
 -0.27 
 -0.03 
  1.12 
  0.33 
  0.20 
 -0.71 
  0.49 
  0.15 
  0.08 
  0.58 
 -0.48 
 -1.86 
  1.32 
 -0.06 
  0.30 
 -0.10 
  0.12 
  0.56 
  1.63 
  0.75 
  0.81 
  0.47 
  0.24 
Output: 
Row: 1, Column: 1
 -1.00 
Size: 1.0
