Input: 
Row: 100, Column: 1
  0.23 
 -0.26 
  0.38 
 -0.17 
 -0.02 
 -0.16 
 -0.62 
  0.07 
  1.24 
 -0.19 
 -0.24 
 -0.47 
 -0.26 
 -0.77 
 -0.93 
  0.46 
 -0.23 
  0.71 
  0.36 
  1.51 
  0.03 
 -0.15 
 -0.00 
 -1.25 
  0.57 
 -0.08 
  1.24 
  0.21 
 -0.80 
  0.56 
  0.79 
 -0.14 
 -0.67 
  1.66 
 -1.64 
 -0.50 
  0.72 
 -2.19 
  1.07 
 -0.98 
 -0.43 
  0.12 
 -0.26 
  1.94 
  0.32 
 -1.16 
  0.00 
 -0.09 
  0.57 
  1.11 
  0.72 
 -0.09 
  0.35 
  0.98 
  0.06 
 -0.58 
 -0.65 
  0.97 
  1.41 
 -0.35 
  1.63 
  0.42 
  2.34 
  0.62 
  0.68 
  0.18 
 -1.12 
  1.10 
  0.40 
  1.58 
  0.42 
  1.33 
  1.56 
 -0.73 
  1.11 
 -1.11 
 -0.34 
  0.22 
 -0.43 
  0.15 
  0.38 
 -0.47 
  0.26 
  0.41 
 -2.34 
 -0.12 
 -0.38 
 -3.64 
  0.01 
  1.42 
 -0.93 
 -0.51 
 -1.29 
  0.54 
  0.54 
  0.40 
  0.92 
  1.44 
 -2.16 
 -0.47 
Output: 
Row: 1, Column: 1
 -1.00 
Size: 1.0
