Input: 
Row: 100, Column: 1
 -0.50 
 -0.67 
 -0.58 
  0.78 
  0.64 
 -0.93 
  0.81 
  0.27 
  2.10 
  1.45 
  0.56 
 -1.77 
  0.31 
  0.14 
  0.41 
 -1.00 
 -0.62 
  0.16 
  1.81 
 -0.26 
 -0.26 
 -0.58 
 -0.06 
 -0.56 
  0.81 
  0.66 
  0.35 
  0.94 
 -0.09 
  1.89 
  0.30 
 -1.11 
  0.42 
  1.26 
  0.21 
 -0.56 
  0.88 
 -0.35 
  1.21 
 -1.35 
 -0.25 
 -0.43 
 -1.25 
  0.19 
 -2.48 
  1.30 
  2.01 
 -0.84 
  0.69 
  0.24 
  0.05 
  0.33 
  0.11 
  0.21 
  0.02 
  0.78 
  0.48 
  0.37 
  0.14 
  0.74 
 -0.46 
  0.52 
 -0.29 
 -0.01 
  0.62 
  0.20 
  0.52 
  1.15 
  0.46 
  1.13 
 -0.53 
 -3.76 
 -0.43 
  0.39 
  0.52 
 -0.00 
 -0.37 
 -0.06 
  0.20 
 -0.33 
  0.34 
 -0.29 
 -2.10 
 -0.44 
 -0.41 
  1.01 
  0.08 
 -0.44 
 -0.11 
  0.62 
 -0.18 
 -0.51 
 -2.15 
  1.72 
  0.20 
  0.22 
 -0.31 
  0.60 
 -0.77 
  0.18 
Output: 
Row: 1, Column: 1
 -1.00 
Size: 1.0
