Input: 
Row: 100, Column: 1
  0.14 
 -1.04 
 -0.59 
  2.11 
 -1.44 
 -1.44 
  0.11 
 -1.20 
  0.82 
  0.16 
  0.42 
 -0.29 
  0.83 
 -0.78 
 -0.67 
 -1.54 
  0.07 
  0.68 
 -1.17 
  0.07 
 -0.68 
 -4.15 
  0.57 
 -1.22 
 -0.85 
  0.94 
 -0.73 
 -0.46 
 -0.71 
 -1.19 
  0.04 
 -0.31 
 -0.99 
  1.98 
  0.02 
 -0.36 
  0.06 
  0.27 
 -0.86 
  0.50 
  0.52 
 -1.88 
  0.17 
  0.30 
  0.16 
 -1.18 
  0.97 
 -1.06 
  0.65 
  0.27 
 -0.13 
  0.65 
  1.41 
  2.23 
 -0.11 
 -0.25 
 -0.44 
  0.89 
 -0.16 
  0.96 
  0.32 
  0.17 
  0.50 
 -0.21 
  0.02 
 -0.77 
  0.75 
 -0.95 
  1.66 
 -0.51 
 -0.72 
 -0.96 
 -0.47 
  0.30 
  0.64 
 -1.00 
  0.23 
  1.73 
  1.30 
  1.36 
 -0.09 
  0.65 
  1.36 
  0.71 
  0.63 
  0.59 
  0.50 
  0.12 
 -1.81 
  0.42 
 -0.44 
  2.15 
  0.32 
  0.00 
 -0.84 
  0.49 
  0.95 
  0.37 
 -0.49 
  0.42 
Output: 
Row: 1, Column: 1
 -1.00 
Size: 1.0
